RA	Gabarito	AcertosConhecEspecificos	PercenConhecEspecificos	AcertosfundaGerais	PercenFundaGerais	NotasTeste	PercenTotal	ClassGeral	ClassUnidade
20583564	A	9	30	4	40	13	32,5	21	10
20788083	E	6	20	8	80	14	35	20	11
20404332	B	17	56,67	2	20	19	47,5	15	4
20755671	F	8	26,67	10	100	18	45	16	2
20582645	B	12	40	3	30	15	37,5	19	9
20885720	B	11	36,67	7	70	18	45	16	4
20694781	A	13	43,33	6	60	19	47,5	15	5
20351520	B	10	33,33	9	90	19	47,5	15	4
20690198	A	10	33,33	3	30	13	32,5	21	14
20477418	C	12	40	8	80	20	50	14	5
20645029	B	9	30	7	70	16	40	18	11
20351836	C	12	40	5	50	17	42,5	17	5
20283054	A	13	43,33	7	70	20	50	14	6
20589132	E	10	33,33	4	40	14	35	20	4
20657496	A	14	46,67	6	60	20	50	14	4
20306338	C	15	50	7	70	22	55	12	3
20555078	B	14	46,67	8	80	22	55	12	3
20871714	E	13	43,33	7	70	20	50	14	5
20485676	A	23	76,67	9	90	32	80	4	1
20352167	D	9	30	5	50	14	35	20	5
20593506	A	10	33,33	5	50	15	37,5	19	4
20675463	C	6	20	5	50	11	27,5	23	16
20872960	F	14	46,67	8	80	22	55	12	2
20325777	C	8	26,67	7	70	15	37,5	19	10
20622954	B	11	36,67	8	80	19	47,5	15	5
20740821	D	9	30	6	60	15	37,5	19	4
20761390	F	5	16,67	7	70	12	30	22	13
20760846	E	8	26,67	6	60	14	35	20	11
20752971	C	9	30	6	60	15	37,5	19	9
20744029	A	12	40	6	60	18	45	16	6
20826888	A	11	36,67	6	60	17	42,5	17	7
20575540	A	12	40	7	70	19	47,5	15	5
20866183	C	11	36,67	5	50	16	40	18	3
20379782	A	9	30	5	50	14	35	20	9
20726379	A	15	50	7	70	22	55	12	3
20551765	B	14	46,67	9	90	23	57,5	11	3
20912838	C	11	36,67	5	50	16	40	18	3
20730276	C	14	46,67	7	70	21	52,5	13	6
20648159	C	12	40	6	60	18	45	16	9
20720524	A	9	30	7	70	16	40	18	8
20741366	B	8	26,67	3	30	11	27,5	23	11
20905364	C	10	33,33	6	60	16	40	18	3
20903436	F	9	30	4	40	13	32,5	21	12
20402952	A	14	46,67	6	60	20	50	14	3
20412899	C	14	46,67	6	60	20	50	14	4
20728188	C	14	46,67	7	70	21	52,5	13	6
20371677	C	8	26,67	5	50	13	32,5	21	13
20436987	E	11	36,67	7	70	18	45	16	2
20551442	B	11	36,67	6	60	17	42,5	17	10
20553630	B	17	56,67	8	80	25	62,5	9	2
20906283	A	11	36,67	8	80	19	47,5	15	1
20916368	A	7	23,33	5	50	12	30	22	11
20766352	C	7	23,33	8	80	15	37,5	19	7
20752309	B	12	40	8	80	20	50	14	1
20856037	B	7	23,33	6	60	13	32,5	21	6
20761070	C	9	30	5	50	14	35	20	13
20752331	B	8	26,67	7	70	15	37,5	19	4
20675223	A	16	53,33	6	60	22	55	12	5
20699796	E	9	30	3	30	12	30	22	7
20647136	C	7	23,33	7	70	14	35	20	13
20714785	B	8	26,67	6	60	14	35	20	13
20872814	C	10	33,33	9	90	19	47,5	15	5
20333467	A	9	30	5	50	14	35	20	11
5192008	C	14	46,67	6	60	20	50	14	5
20868392	B	14	46,67	9	90	23	57,5	11	1
20569500	E	10	33,33	3	30	13	32,5	21	6
20679850	B	7	23,33	4	40	11	27,5	23	11
20753127	B	14	40	6	60	18	45	16	7
20415592	C	16	53,33	6	60	22	55	12	5
20897970	F	13	43,33	4	40	17	42,5	17	5
20874170	F	10	33,33	6	60	16	40	18	6
20891341	A	11	36,67	4	40	15	37,5	19	4
20718683	D	11	36,67	4	40	15	37,5	19	8
20524202	E	8	26,67	6	60	14	35	20	5
20913003	F	7	23,33	8	80	15	37,5	19	7
20749930	C	12	40	7	70	19	47,5	15	8
20717068	B	17	56,67	7	70	24	60	10	3
20072426	C	12	40	7	70	19	47,5	15	5
20667684	A	14	46,67	3	30	17	42,5	17	7
20560403	D	14	46,67	7	70	21	52,5	13	1
20617664	C	11	36,67	5	50	16	40	18	8
20615248	C	10	33,33	4	40	14	35	20	12
20754672	C	12	40	7	70	19	47,5	15	5
20850474	D	8	26,67	4	40	12	30	22	13
20600208	A	13	43,33	4	40	17	42,5	17	10
20612310	B	14	46,67	8	80	22	55	12	2
20149400	C	14	26,67	7	70	15	37,5	19	11
20417059	A	18	60	7	70	25	62,5	9	2
20758621	D	14	46,67	5	50	19	47,5	15	6
20564624	C	9	30	6	60	15	37,5	19	12
20721444	A	15	50	7	70	22	55	12	3
20746753	B	9	30	7	70	16	40	18	11
20584185	A	14	46,67	7	70	21	52,5	13	5
20758902	E	8	26,67	6	60	14	35	20	11
20551113	B	11	36,67	6	60	17	42,5	17	7
20885229	F	9	30	6	60	15	37,5	19	10
20551365	A	16	53,33	5	50	21	52,5	13	2
20593513	C	10	33,33	4	40	14	35	20	8
20912563	D	9	30	4	40	13	32,5	21	8
20404293	B	18	60	5	50	23	57,5	11	4
20574064	C	16	53,33	5	50	21	52,5	13	5
20108187	B	11	36,67	7	70	18	45	16	6
20738117	D	13	43,33	6	60	19	47,5	15	1
20754936	C	13	43,33	8	80	21	52,5	13	3
20875703	B	13	43,33	5	50	18	45	16	6
20902917	F	8	26,67	7	70	15	37,5	19	7
20731964	C	10	33,33	2	20	12	30	22	15
20532195	B	8	26,67	3	30	11	27,5	23	11
20779660	C	12	40	6	60	18	45	16	6
20517534	C	13	43,33	7	70	20	50	14	4
20643477	F	10	33,33	8	80	18	45	16	5
20867554	E	13	43,33	3	30	16	40	18	9
20677729	B	11	36,67	6	60	17	42,5	17	10
20910414	B	11	36,67	7	70	18	45	16	2
20767223	C	8	26,67	5	50	13	32,5	21	6
20311644	C	11	36,67	6	60	17	42,5	17	7
20763799	D	6	20	4	40	10	25	24	15
20848121	E	10	33,33	3	30	13	32,5	21	12
20545413	A	17	56,67	6	60	23	57,5	11	4
20750429	D	12	40	5	50	17	42,5	17	3
20699695	D	15	50	6	60	21	52,5	13	3
20662992	B	13	43,33	2	20	15	37,5	19	9
20682104	B	7	23,33	7	70	14	35	20	10
20887408	A	10	33,33	6	60	16	40	18	8
20441043	F	12	40	4	40	16	40	18	3
20853967	F	5	16,67	4	40	9	22,5	1	1
20640530	C	9	30	2	20	11	27,5	23	11
20056604	A	9	30	4	40	13	32,5	21	12
20900250	E	6	20	1	10	7	17,5	3	3
20898284	B	10	33,33	6	60	16	40	18	3
20746724	E	9	30	4	40	13	32,5	21	12
20359448	A	14	46,67	6	60	20	50	14	3
20913405	F	9	30	8	80	17	42,5	17	5
20687136	C	8	26,67	6	60	14	35	20	9
20887766	A	12	40	6	60	18	45	16	4
20471100	F	5	16,67	4	40	9	22,5	1	1
20646005	D	14	46,67	5	50	19	47,5	15	4
20642232	C	9	30	5	50	14	35	20	13
20257451	B	15	50	6	60	21	52,5	13	4
20331497	B	17	56,67	7	70	24	60	10	2
20668141	F	8	26,67	2	20	10	25	24	15
20805744	E	9	30	7	70	16	40	18	9
20846635	B	12	40	7	70	19	47,5	15	5
20862272	A	9	30	6	60	15	37,5	19	4
20661123	A	10	33,33	4	40	14	35	20	9
20644984	A	8	26,67	4	40	12	30	22	10
20873833	D	7	23,33	8	80	15	37,5	19	10
20562797	B	12	40	6	60	18	45	16	6
20445921	A	13	43,33	3	30	16	40	18	6
20853375	F	9	30	5	50	14	35	20	11
20904534	C	7	23,33	7	70	14	35	20	5
20570081	B	18	60	7	70	25	62,5	9	2
20591262	B	13	43,33	6	60	19	47,5	15	7
20891101	C	8	26,67	2	20	10	25	24	12
20866611	A	5	16,67	8	80	13	32,5	21	10
20237026	B	12	40	5	50	17	42,5	17	7
20214571	A	10	33,33	5	50	15	37,5	19	12
20774371	B	7	23,33	3	30	10	25	24	7
20774552	F	13	43,33	3	30	16	40	18	9
20854186	D	12	40	8	80	20	50	14	5
20804786	D	12	40	6	60	18	45	16	7
20558107	A	8	26,67	6	60	14	35	20	12
20745989	C	8	26,67	8	80	16	40	18	3
20761959	B	8	26,67	4	40	12	30	22	6
20274693	B	16	53,33	8	80	24	60	10	2
20911135	A	9	30	3	30	12	30	22	6
20327011	B	13	43,33	6	60	19	47,5	15	4
20883826	F	10	33,33	7	70	17	42,5	17	8
20560834	C	14	46,67	8	80	22	55	12	4
20331582	A	12	40	5	50	17	42,5	17	8
20843988	E	13	43,33	5	50	18	45	16	7
20571016	C	13	43,33	7	70	20	50	14	4
20791169	C	13	43,33	3	30	16	40	18	8
20855609	D	10	33,33	4	40	14	35	20	11
20759983	D	11	36,67	2	20	13	32,5	21	12
20678183	F	12	40	7	70	19	47,5	15	4
20522644	B	20	40	4	40	16	40	18	11
9113387	C	18	60	9	90	27	67,5	7	3
20642054	A	15	50	5	50	20	50	14	7
20761310	C	9	30	7	70	16	40	18	8
20887663	C	10	33,33	3	30	13	32,5	21	9
20867904	A	10	33,33	4	40	14	35	20	9
20639422	C	11	36,67	3	30	14	35	20	10
20852566	B	15	50	7	70	22	55	12	1
20056222	D	14	46,67	7	70	21	52,5	13	4
20096779	A	12	40	4	40	16	40	18	10
20731361	E	14	46,67	7	70	21	52,5	13	3
20886343	B	10	33,33	5	50	15	37,5	19	7
20787294	B	11	36,67	5	50	16	40	18	8
20680814	C	12	40	8	80	20	50	14	7
20903101	A	7	23,33	5	50	12	30	22	6
20885877	C	14	46,67	8	80	22	55	12	2
20193712	B	9	30	4	40	13	32,5	21	9
20771354	C	11	36,67	6	60	17	42,5	17	7
20903774	A	9	30	5	50	14	35	20	5
9110035	C	11	36,67	10	100	21	52,5	13	4
10124782	D	15	50	9	90	24	60	10	1
20700650	C	11	36,67	6	60	17	42,5	17	7
20290857	D	11	36,67	2	20	13	32,5	21	5
20477824	A	10	33,33	7	70	17	42,5	17	7
20652260	A	15	50	7	70	22	55	12	5
20474891	A	14	46,67	6	60	20	50	14	5
20652060	A	14	46,67	8	80	22	55	12	5
20668412	A	8	26,67	5	50	13	32,5	21	6
20574016	B	12	40	8	80	20	50	14	6
20885672	A	15	50	7	70	22	55	12	1
20898756	C	8	26,67	2	20	10	25	24	7
20846063	E	9	30	4	40	13	32,5	21	12
20635086	C	13	43,33	7	70	20	50	14	4
20876142	B	12	40	2	20	14	35	20	8
20696992	A	12	40	4	40	16	40	18	8
20555454	C	7	23,33	6	60	13	32,5	21	13
20894742	A	13	43,33	7	70	20	50	14	1
20751761	C	14	46,67	6	60	20	50	14	3
20755767	B	12	40	5	50	17	42,5	17	5
20774545	D	10	33,33	7	70	17	42,5	17	8
20655654	B	11	36,67	5	50	16	40	18	8
20856178	D	10	33,33	3	30	13	32,5	21	12
20201093	A	12	40	4	40	16	40	18	6
20876707	E	13	43,33	4	40	17	42,5	17	8
20765240	B	12	40	7	70	19	47,5	15	5
20665197	A	11	36,67	4	40	15	37,5	19	9
20257443	B	17	56,67	8	80	25	62,5	9	1
20827834	E	17	56,67	7	70	24	60	10	1
20712853	A	6	23,33	4	40	11	27,5	23	11
20470095	B	9	30	7	70	16	40	18	6
20869608	E	5	16,67	3	30	8	20	2	1
20909372	F	10	33,33	5	50	15	37,5	19	10
20857069	B	11	36,67	5	50	16	40	18	8
20772953	D	9	30	4	40	13	32,5	21	12
20514382	A	12	40	5	50	17	42,5	17	5
20912763	C	18	30	8	80	17	42,5	17	7
20902720	B	23	76,67	7	70	30	75	5	1
20903998	A	12	40	6	60	18	45	16	2
20723625	D	13	43,33	6	60	19	47,5	15	6
20871626	C	10	33,33	4	40	14	35	20	8
20565270	E	11	36,67	3	30	14	35	20	5
20230718	B	10	33,33	3	30	13	32,5	21	10
20866893	E	12	40	5	50	17	42,5	17	8
20747841	C	11	36,67	3	30	14	35	20	13
20733091	C	6	20	5	50	11	27,5	23	14
20717393	C	10	33,33	4	40	14	35	20	5
20324578	C	11	36,67	7	70	18	45	16	6
20546658	A	14	46,67	9	90	23	57,5	11	3
20538617	E	9	30	4	40	13	32,5	21	10
20608551	B	11	36,67	8	80	19	47,5	15	5
20203141	C	17	56,67	8	80	25	62,5	9	2
20845287	F	10	33,33	9	90	19	47,5	15	6
20314392	A	13	43,33	5	50	18	45	16	7
20853812	B	5	16,67	9	90	14	35	20	8
20618148	A	16	53,33	5	50	21	52,5	13	3
20890491	F	9	30	5	50	14	35	20	11
20906228	A	15	50	6	60	21	52,5	13	3
20328073	A	16	53,33	6	60	22	55	12	5
20758760	E	15	50	8	80	23	57,5	11	2
20224226	E	7	23,33	7	70	14	35	20	9
20467662	A	12	40	8	80	20	50	14	5
20629811	A	16	53,33	5	50	21	52,5	13	2
20442184	D	13	43,33	3	30	16	40	18	3
20554047	C	10	33,33	2	20	12	30	22	11
20500007	C	13	43,33	5	50	18	45	16	2
20440787	F	6	20	6	60	12	30	22	6
20653995	A	14	46,67	6	60	20	50	14	7
20653610	D	16	53,33	5	50	21	52,5	13	3
20454163	A	20	43,33	4	40	17	42,5	17	7
20723369	C	15	50	7	70	22	55	12	5
20869859	A	10	33,33	7	70	17	42,5	17	5
20667541	B	14	46,67	6	60	20	50	14	7
20604501	B	13	43,33	9	90	22	55	12	2
20684091	A	17	56,67	6	60	23	57,5	11	4
20370923	A	13	43,33	4	40	17	42,5	17	8
20756218	B	6	20	5	50	11	27,5	23	11
20311674	B	14	46,67	3	30	17	42,5	17	8
20548782	A	16	53,33	10	100	26	65	8	1
20876993	D	10	33,33	3	30	13	32,5	21	12
20883036	F	15	50	6	60	21	52,5	13	4
20680332	E	11	36,67	5	50	16	40	18	7
20373356	C	22	73,33	8	80	30	75	5	1
20621695	B	7	23,33	5	50	12	30	22	11
20656776	E	10	33,33	4	40	14	35	20	9
20879993	F	6	20	5	50	11	27,5	23	14
20644714	F	13	43,33	6	60	19	47,5	15	1
20881692	B	11	36,67	5	50	16	40	18	8
20880490	A	10	33,33	6	60	16	40	18	6
20912596	E	9	30	7	70	16	40	18	6
20870558	C	8	26,67	6	60	14	35	20	9
20532946	B	6	20	6	60	12	30	22	15
20630918	A	17	56,67	7	70	24	60	10	1
20604161	C	14	46,67	5	50	19	47,5	15	6
20448965	B	9	30	4	40	13	32,5	21	10
20892222	B	12	40	8	80	20	50	14	1
20420010	B	8	26,67	5	50	13	32,5	21	9
20917394	C	10	33,33	6	60	16	40	18	3
20602854	A	13	43,33	6	60	19	47,5	15	5
20527538	B	15	50	6	60	21	52,5	13	6
20850860	D	8	26,67	7	70	15	37,5	19	10
20778802	F	9	30	3	30	12	30	22	13
20866590	C	15	50	6	60	21	52,5	13	2
20747088	B	20	66,67	4	40	24	60	10	2
20778076	D	9	30	7	70	16	40	18	9
20875255	F	8	26,67	6	60	14	35	20	11
20873301	D	8	26,67	0	0	8	20	2	2
20338220	B	11	36,67	5	50	16	40	18	6
20537088	E	13	43,33	6	60	19	47,5	15	4
20731465	F	11	36,67	6	60	17	42,5	17	6
20883468	C	13	43,33	7	70	20	50	14	4
20763844	F	11	36,67	4	40	15	37,5	19	10
20712233	D	13	43,33	6	60	19	47,5	15	4
20744719	C	9	30	7	70	16	40	18	11
20405940	B	15	50	7	70	22	55	12	1
20518967	E	6	20	6	60	12	30	22	9
20649347	D	15	50	2	20	17	42,5	17	6
20614472	C	13	43,33	5	50	18	45	16	6
20886283	D	14	46,67	8	80	22	55	12	3
20872376	E	9	30	5	50	14	35	20	9
20737322	A	10	33,33	7	70	17	42,5	17	8
20778218	D	11	36,67	6	60	17	42,5	17	5
20624841	B	11	36,67	6	60	17	42,5	17	9
20367378	C	10	33,33	6	60	16	40	18	9
20828084	E	10	33,33	4	40	14	35	20	5
20752411	C	20	66,67	9	90	29	72,5	6	2
20419510	B	12	40	7	70	19	47,5	15	6
20730403	F	12	40	6	60	18	45	16	5
20709988	B	11	36,67	6	60	17	42,5	17	7
20891336	E	11	36,67	3	30	14	35	20	11
20552167	A	13	43,33	9	90	22	55	12	4
20628077	C	11	36,67	6	60	17	42,5	17	9
20615382	B	11	36,67	7	70	18	45	16	8
20185146	A	12	40	5	50	17	42,5	17	7
20661751	A	14	46,67	3	30	17	42,5	17	10
20849220	A	13	43,33	5	50	18	45	16	6
20761997	F	6	20	2	20	8	20	2	2
20637415	A	10	33,33	5	50	15	37,5	19	11
20743623	C	16	53,33	3	30	19	47,5	15	5
20681493	C	10	33,33	4	40	14	35	20	13
20910982	B	8	26,67	6	60	14	35	20	5
20550774	B	11	36,67	6	60	17	42,5	17	1
20710353	C	8	26,67	6	60	14	35	20	2
20583564	C	17	56,67	7	70	24	60	13	7
20801005	K	8	26,67	9	90	17	42,5	20	8
20861100	A	6	20	6	60	12	30	25	18
20951855	J	10	33,33	4	40	14	35	23	11
20628901	L	9	30	7	70	16	40	21	6
20843993	J	10	33,33	9	90	19	47,5	18	6
20755671	J	10	33,33	9	90	19	47,5	18	3
20582645	B	17	56,67	9	90	26	65	11	5
20885720	C	8	26,67	5	50	13	32,5	24	12
20138876	A	12	40	9	90	21	52,5	16	2
20999778	B	8	26,67	4	40	12	30	25	12
20694781	B	13	43,33	10	100	23	57,5	14	5
20477418	A	15	50	7	70	22	55	15	7
20977374	J	5	16,67	6	60	11	27,5	26	14
20283054	A	12	40	9	90	21	52,5	16	7
20657496	B	17	56,67	8	80	25	62,5	12	3
20555078	A	21	70	8	80	29	72,5	8	3
20871714	J	12	40	7	70	19	47,5	18	6
20485676	B	24	80	10	100	34	85	4	1
20352167	L	8	26,67	8	80	16	40	21	6
20593506	B	17	56,67	8	80	25	62,5	12	3
20675463	C	15	50	5	50	20	50	17	9
20872960	K	13	43,33	4	40	17	42,5	20	4
20710838	B	6	20	9	90	15	37,5	22	9
20622954	A	13	43,33	10	100	23	57,5	14	8
20761390	J	8	26,67	8	80	16	40	21	9
20944001	B	14	46,67	5	50	19	47,5	18	5
20760846	J	15	50	5	50	20	50	17	5
20752971	A	15	50	8	80	23	57,5	14	5
21013268	A	13	43,33	9	90	22	55	15	2
20977703	L	6	20	9	90	15	37,5	22	10
20744029	C	15	50	8	80	23	57,5	14	5
20989378	K	12	40	5	50	17	42,5	20	8
20826888	C	16	53,33	8	80	24	60	13	6
20942607	L	7	23,33	7	70	14	35	23	9
20575540	C	17	56,67	8	80	25	62,5	12	6
8112767	K	15	50	7	70	22	55	15	3
20866183	A	15	50	7	70	22	55	15	4
20379782	B	6	20	3	30	9	22,5	1	1
20950889	C	8	26,67	6	60	14	35	23	16
20726379	B	16	53,33	9	90	25	62,5	12	3
20551765	C	15	50	9	90	24	60	13	5
21009648	J	8	26,67	9	90	17	42,5	20	8
20960594	K	12	40	5	50	17	42,5	20	8
20912838	B	14	46,67	6	60	20	50	17	6
20730276	C	18	60	8	80	26	65	11	5
20683246	A	9	30	6	60	15	37,5	22	15
20648159	B	12	40	5	50	17	42,5	20	12
20720524	A	9	30	8	80	17	42,5	20	6
21022551	B	17	56,67	9	90	26	65	11	4
20933365	J	9	30	6	60	15	37,5	22	10
20905364	A	17	56,67	9	90	26	65	11	2
20402952	B	14	46,67	7	70	21	52,5	16	5
20412899	A	18	60	10	100	28	70	9	3
21006535	A	10	33,33	8	80	18	45	19	6
20938989	A	14	46,67	7	70	21	52,5	16	9
21022344	K	12	40	4	40	16	40	21	6
20948293	L	11	36,67	5	50	16	40	21	9
21007438	A	17	56,67	8	80	25	62,5	12	5
20371677	C	9	30	5	50	14	35	23	12
20436987	C	15	50	7	70	22	55	15	9
20553630	C	19	63,33	7	70	26	65	11	5
20906283	C	19	63,33	10	100	29	72,5	8	1
20766352	B	10	33,33	7	70	17	42,5	20	9
20752309	B	8	26,67	6	60	14	35	23	10
20856037	B	16	53,33	8	80	24	60	13	4
20761070	B	13	43,33	5	50	18	45	19	11
20752331	C	4	13,33	3	30	7	17,5	3	1
20955910	L	3	10	7	70	10	25	27	15
20675223	A	11	36,67	8	80	19	47,5	18	10
20699796	J	10	33,33	5	50	15	37,5	22	7
20714785	A	11	36,67	9	90	20	50	17	9
20823155	J	9	30	7	70	16	40	21	9
21010567	L	11	36,67	4	40	15	37,5	22	10
20986603	B	8	26,67	6	60	14	35	23	10
20868392	C	15	50	10	100	25	62,5	12	5
21010821	B	8	26,67	7	70	15	37,5	22	15
20569500	J	10	33,33	4	40	14	35	23	8
20679850	A	12	40	9	90	21	52,5	16	5
21000468	C	7	23,33	3	30	10	25	27	14
20753127	C	20	66,67	8	80	28	70	9	2
20965381	C	13	43,33	10	100	23	57,5	14	7
20897970	L	8	26,67	7	70	15	37,5	22	6
20874170	L	11	36,67	8	80	19	47,5	18	2
20891341	A	14	46,67	8	80	22	55	15	4
21020533	C	13	43,33	10	100	23	57,5	14	1
21022827	B	9	30	9	90	18	45	19	12
20718683	L	8	26,67	6	60	14	35	23	7
20781288	J	6	20	7	70	13	32,5	24	10
20947993	B	11	36,67	9	90	20	50	17	10
20749930	C	20	66,67	9	90	29	72,5	8	3
20717068	A	16	53,33	7	70	23	57,5	14	7
20967548	L	4	13,33	3	30	7	17,5	3	3
20742362	A	9	30	8	80	17	42,5	20	6
20987488	C	13	43,33	6	60	19	47,5	18	5
20072426	A	12	40	8	80	20	50	17	9
20667684	C	7	23,33	10	100	17	42,5	20	10
20560403	A	15	50	10	100	25	62,5	12	6
20776878	C	11	36,67	8	80	19	47,5	18	11
20617664	B	8	26,67	7	70	15	37,5	22	13
20615248	C	16	53,33	6	60	22	55	15	6
20168335	A	18	60	9	90	27	67,5	10	1
20960550	K	6	20	3	30	9	22,5	1	1
20850474	L	8	26,67	5	50	13	32,5	24	12
21022314	C	5	16,67	6	60	11	27,5	26	13
20612310	A	22	73,33	10	100	32	80	5	1
20955361	L	9	30	6	60	15	37,5	22	10
20149400	B	18	60	9	90	27	67,5	10	3
10107918	A	17	56,67	7	70	24	60	13	4
20417059	C	21	70	10	100	31	77,5	6	1
21014228	A	7	23,33	7	70	14	35	23	10
20758621	L	11	36,67	5	50	16	40	21	9
20935808	L	9	30	6	60	15	37,5	22	8
20564624	B	11	36,67	8	80	19	47,5	18	10
20181016	A	14	46,67	6	60	20	50	17	6
21019287	C	10	33,33	8	80	18	45	19	3
20721444	B	14	46,67	8	80	22	55	15	7
20746753	C	15	50	7	70	22	55	15	8
20916833	L	7	23,33	7	70	14	35	23	11
21018532	C	18	60	10	100	28	70	9	3
20584185	B	18	60	9	90	27	67,5	10	3
20943431	J	5	16,67	3	30	8	20	2	2
20758902	K	6	20	4	40	10	25	27	14
20551113	C	18	60	10	100	28	70	9	2
20885229	K	6	20	3	30	9	22,5	1	1
20252534	B	8	26,67	2	20	10	25	27	14
20550774	A	15	50	6	60	21	52,5	16	4
20747350	L	6	20	7	70	13	32,5	24	12
20976508	C	12	40	8	80	20	50	17	10
20593513	B	18	60	8	80	26	65	11	5
20962968	J	4	13,33	4	40	8	20	2	2
20912563	K	7	23,33	7	70	14	35	23	7
20574064	A	16	53,33	5	50	21	52,5	16	7
21021724	B	17	56,67	8	80	25	62,5	12	5
20738117	K	6	20	7	70	13	32,5	24	9
20984496	J	7	23,33	3	30	10	25	27	15
20926087	A	9	30	2	20	11	27,5	26	19
20920397	K	8	26,67	9	90	17	42,5	20	8
21011382	K	8	26,67	6	60	14	35	23	11
21022944	C	14	46,67	8	80	22	55	15	2
20701501	A	7	23,33	7	70	14	35	23	10
21005497	A	7	23,33	3	30	10	25	27	20
20902917	J	9	30	7	70	16	40	21	5
20731964	A	14	46,67	5	50	19	47,5	18	10
21004277	A	16	53,33	9	90	25	62,5	12	3
20532195	C	12	40	5	50	17	42,5	20	9
20170120	C	20	66,67	8	80	28	70	9	2
20779660	A	20	66,67	8	80	28	70	9	4
20517534	B	19	63,33	10	100	29	72,5	8	2
20964343	E	1	3,33	6	60	7	17,5	3	2
20643477	J	10	33,33	8	80	18	45	19	3
20944972	A	11	36,67	9	90	20	50	17	5
20867554	K	8	26,67	5	50	13	32,5	24	12
20995435	C	8	26,67	5	50	13	32,5	24	11
20677729	B	8	26,67	6	60	14	35	23	14
20941508	J	9	30	6	60	15	37,5	22	8
20910414	C	12	40	9	90	21	52,5	16	6
20767223	C	13	43,33	10	100	23	57,5	14	5
20926206	B	16	53,33	7	70	23	57,5	14	7
20986244	A	12	40	8	80	20	50	17	4
20513095	C	9	30	6	60	15	37,5	22	13
20763799	L	12	40	3	30	15	37,5	22	10
20964826	A	12	40	4	40	16	40	21	14
20728744	K	9	30	9	90	18	45	19	4
21021373	A	14	46,67	9	90	23	57,5	14	7
20848121	K	10	33,33	6	60	16	40	21	9
20545413	C	21	70	9	90	30	75	7	2
21010742	C	6	20	7	70	13	32,5	24	17
20996398	K	7	23,33	7	70	14	35	23	11
20699695	J	11	36,67	3	30	14	35	23	7
20984415	B	7	23,33	7	70	14	35	23	16
21002519	K	10	33,33	8	80	18	45	19	7
21009533	A	8	26,67	3	30	11	27,5	26	12
20662992	B	7	23,33	5	50	12	30	25	12
20916352	B	15	50	9	90	24	60	13	6
20682104	A	14	46,67	8	80	22	55	15	6
20887408	C	21	70	10	100	31	77,5	6	2
20951323	A	12	40	9	90	21	52,5	16	3
20441043	C	11	36,67	7	70	18	45	19	13
20969513	J	14	46,67	6	60	20	50	17	5
20745278	L	9	30	6	60	15	37,5	22	6
20965981	C	8	26,67	6	60	14	35	23	10
21012571	C	8	26,67	6	60	14	35	23	10
20900250	K	9	30	6	60	15	37,5	22	10
20898284	C	15	50	9	90	24	60	13	4
20359448	C	13	43,33	6	60	19	47,5	18	7
20913405	J	9	30	8	80	17	42,5	20	4
20940095	B	10	33,33	8	80	18	45	19	6
20687136	A	15	50	8	80	23	57,5	14	7
21005402	L	5	16,67	7	70	12	30	25	13
20710353	A	13	43,33	8	80	21	52,5	16	7
20952826	K	4	13,33	4	40	8	20	2	2
20646005	J	14	46,67	5	50	19	47,5	18	2
20918182	L	4	13,33	5	50	9	22,5	1	1
20960071	B	12	40	7	70	19	47,5	18	11
21022775	A	13	43,33	8	80	21	52,5	16	3
20935142	J	11	36,67	7	70	18	45	19	7
20331497	C	18	60	8	80	26	65	11	5
20668141	L	11	36,67	9	90	20	50	17	5
20805744	L	9	30	4	40	13	32,5	24	12
20846635	C	16	53,33	6	60	22	55	15	8
20862272	C	11	36,67	7	70	18	45	19	7
21014892	C	9	30	5	50	14	35	23	10
20907030	B	8	26,67	8	80	16	40	21	14
20980842	D	9	30	8	80	17	42,5	20	8
20661123	B	9	30	4	40	13	32,5	24	14
20644984	B	15	50	4	40	19	47,5	18	7
20873833	L	10	33,33	8	80	18	45	19	7
20562797	A	14	46,67	10	100	24	60	13	7
21023224	B	10	33,33	6	60	16	40	21	8
20934388	B	10	33,33	7	70	17	42,5	20	7
20853375	J	11	36,67	6	60	17	42,5	20	8
20999574	B	10	33,33	7	70	17	42,5	20	7
21018868	K	13	43,33	4	40	17	42,5	20	5
20570081	C	18	60	10	100	28	70	9	2
20591262	C	9	30	8	80	17	42,5	20	10
20891101	A	14	46,67	7	70	21	52,5	16	5
20774371	C	10	33,33	8	80	18	45	19	8
20933286	K	11	36,67	6	60	17	42,5	20	8
20774552	J	10	33,33	7	70	17	42,5	20	8
20723088	C	19	63,33	10	100	29	72,5	8	2
20854186	L	11	36,67	9	90	20	50	17	5
20964741	A	7	23,33	7	70	14	35	23	10
20804786	J	11	36,67	6	60	17	42,5	20	8
20558107	B	18	60	8	80	26	65	11	4
20745989	C	16	53,33	7	70	23	57,5	14	3
20761959	A	12	40	5	50	17	42,5	20	8
20911135	B	12	40	9	90	21	52,5	16	5
20932056	K	7	23,33	7	70	14	35	23	9
20960826	L	12	40	7	70	19	47,5	18	6
20993822	J	9	30	6	60	15	37,5	22	10
20560834	B	18	60	8	80	26	65	11	4
20843988	J	9	30	7	70	16	40	21	9
20571016	A	14	46,67	9	90	23	57,5	14	8
20791169	A	13	43,33	7	70	20	50	17	9
20988241	K	6	20	4	40	10	25	27	13
20855609	L	12	40	6	60	18	45	19	7
20759983	J	10	33,33	7	70	17	42,5	20	8
20678183	J	12	40	6	60	18	45	19	3
20522644	B	13	43,33	9	90	22	55	15	8
20526158	A	9	30	6	60	15	37,5	22	15
20642054	B	14	46,67	5	50	19	47,5	18	10
20990138	C	11	36,67	8	80	19	47,5	18	11
20951362	B	9	30	3	30	12	30	25	18
20761310	B	11	36,67	7	70	18	45	19	11
20887663	A	8	26,67	4	40	12	30	25	13
20639422	B	16	53,33	6	60	22	55	15	6
20852566	A	12	40	6	60	18	45	19	8
20996451	B	11	36,67	8	80	19	47,5	18	5
20971753	B	7	23,33	5	50	12	30	25	18
20056222	D	19	63,33	10	100	29	72,5	8	1
20096779	C	15	50	7	70	22	55	15	6
20731361	K	12	40	5	50	17	42,5	20	6
20987122	L	11	36,67	6	60	17	42,5	20	8
20787294	B	15	50	7	70	22	55	15	8
21001241	K	10	33,33	6	60	16	40	21	9
20680814	B	11	36,67	7	70	18	45	19	11
20885877	B	14	46,67	10	100	24	60	13	6
20193712	C	10	33,33	7	70	17	42,5	20	8
20987301	B	10	33,33	6	60	16	40	21	10
20986019	B	11	36,67	9	90	20	50	17	4
20771354	C	19	63,33	4	40	23	57,5	14	7
20951134	A	14	46,67	9	90	23	57,5	14	1
20993451	C	16	53,33	10	100	26	65	11	2
20907362	B	8	26,67	9	90	17	42,5	20	7
20700650	C	12	40	10	100	22	55	15	8
20290857	B	16	53,33	7	70	23	57,5	14	8
20477824	B	21	70	7	70	28	70	9	3
21022490	J	11	36,67	9	90	20	50	17	2
20652260	A	12	40	7	70	19	47,5	18	10
20474891	B	23	76,67	8	80	31	77,5	6	2
20961613	C	15	50	9	90	24	60	13	4
20652060	C	20	66,67	9	90	29	72,5	8	3
20668412	C	11	36,67	8	80	19	47,5	18	7
20574016	A	12	40	7	70	19	47,5	18	9
4108001	A	8	26,67	2	20	10	25	27	11
20885672	B	17	56,67	9	90	26	65	11	1
20846063	L	10	33,33	4	40	14	35	23	11
20635086	A	17	56,67	10	100	27	67,5	10	4
20876142	C	9	30	8	80	17	42,5	20	9
21022839	B	14	46,67	6	60	20	50	17	4
20696992	C	14	46,67	9	90	23	57,5	14	5
20555454	B	13	43,33	9	90	22	55	15	6
20983581	J	6	20	5	50	11	27,5	26	14
20892200	C	17	56,67	7	70	24	60	13	6
20942035	A	9	30	7	70	16	40	21	8
21003863	K	6	20	7	70	13	32,5	24	12
20751761	E	13	43,33	7	70	20	50	17	6
20950664	J	12	40	7	70	19	47,5	18	6
20755767	A	13	43,33	9	90	22	55	15	4
20981536	L	10	33,33	4	40	14	35	23	11
20517433	K	11	36,67	6	60	17	42,5	20	5
20774545	K	11	36,67	6	60	17	42,5	20	8
20655654	C	8	26,67	9	90	17	42,5	20	10
20856178	L	5	16,67	5	50	10	25	27	14
20876707	K	13	43,33	7	70	20	50	17	5
20665197	A	13	43,33	7	70	20	50	17	8
21012530	B	11	36,67	7	70	18	45	19	12
20257443	C	13	43,33	6	60	19	47,5	18	7
21018259	B	13	43,33	9	90	22	55	15	2
20929886	B	11	36,67	7	70	18	45	19	12
20827834	J	15	50	9	90	24	60	13	2
20712853	A	15	50	9	90	24	60	13	3
20984676	B	9	30	9	90	18	45	19	12
20956615	L	16	53,33	7	70	23	57,5	14	4
20308781	L	12	40	7	70	19	47,5	18	3
20977158	J	8	26,67	3	30	11	27,5	26	14
20470095	A	18	60	10	100	28	70	9	4
20869608	L	15	50	6	60	21	52,5	16	1
20537169	A	14	46,67	10	100	24	60	13	6
20881321	K	10	33,33	5	50	15	37,5	22	10
20909372	K	10	33,33	9	90	19	47,5	18	6
20857069	A	12	40	8	80	20	50	17	11
20772953	K	6	20	8	80	14	35	23	11
20514382	C	17	56,67	9	90	26	65	11	1
20866055	B	12	40	10	100	22	55	15	8
21004753	C	6	20	8	80	14	35	23	16
20912763	A	11	36,67	9	90	20	50	17	8
20987885	A	13	43,33	5	50	18	45	19	6
20902720	B	21	70	10	100	31	77,5	6	1
20429899	C	9	30	6	60	15	37,5	22	9
10191026	A	11	36,67	8	80	19	47,5	18	11
21010098	K	6	20	5	50	11	27,5	26	14
20528332	C	13	43,33	3	30	16	40	21	14
20954055	K	12	40	5	50	17	42,5	20	8
20933332	J	8	26,67	4	40	12	30	25	13
20934385	K	10	33,33	6	60	16	40	21	7
20871626	B	9	30	5	50	14	35	23	11
20354826	L	12	40	8	80	20	50	17	5
20999523	A	7	23,33	7	70	14	35	23	16
20963613	B	10	33,33	8	80	18	45	19	12
20565270	D	16	53,33	9	90	25	62,5	12	1
20230718	C	16	53,33	7	70	23	57,5	14	8
20866893	K	9	30	6	60	15	37,5	22	10
20937494	J	5	16,67	8	80	13	32,5	24	10
20733091	A	11	36,67	5	50	16	40	21	11
21010832	C	7	23,33	10	100	17	42,5	20	7
20717393	B	20	66,67	9	90	29	72,5	8	2
20324578	C	13	43,33	9	90	22	55	15	9
20546658	B	20	66,67	7	70	27	67,5	10	3
20608551	B	18	60	9	90	27	67,5	10	4
20203141	C	22	73,33	9	90	31	77,5	6	1
20845287	A	17	56,67	8	80	25	62,5	12	2
20983695	K	9	30	6	60	15	37,5	22	6
20314392	C	18	60	10	100	28	70	9	2
20853812	E	11	36,67	8	80	19	47,5	18	7
20925146	C	6	20	7	70	13	32,5	24	11
20618148	C	21	70	8	80	29	72,5	8	2
20906228	E	10	33,33	5	50	15	37,5	22	13
20758760	L	15	50	8	80	23	57,5	14	7
20978253	B	19	63,33	9	90	28	70	9	3
20224226	J	11	36,67	5	50	16	40	21	5
20467662	B	17	56,67	8	80	25	62,5	12	6
20951129	B	11	36,67	5	50	16	40	21	8
20704233	A	14	46,67	10	100	24	60	13	5
20442184	B	17	56,67	9	90	26	65	11	5
20500007	A	11	36,67	9	90	20	50	17	6
20440787	C	11	36,67	9	90	20	50	17	11
20653995	C	14	46,67	9	90	23	57,5	14	7
20953991	L	9	30	6	60	15	37,5	22	10
20653610	K	10	33,33	6	60	16	40	21	5
20568035	C	14	46,67	6	60	20	50	17	4
20980951	A	14	46,67	9	90	23	57,5	14	1
20454163	A	13	43,33	9	90	22	55	15	9
20723369	A	19	63,33	9	90	28	70	9	4
20667541	B	14	46,67	7	70	21	52,5	16	7
20604501	A	16	53,33	10	100	26	65	11	5
20684091	C	16	53,33	8	80	24	60	13	6
20370923	A	12	40	8	80	20	50	17	6
20756218	C	5	16,67	6	60	11	27,5	26	14
20548782	C	20	66,67	7	70	27	67,5	10	3
20876993	L	13	43,33	7	70	20	50	17	5
20883036	L	10	33,33	9	90	19	47,5	18	7
20799430	B	9	30	4	40	13	32,5	24	11
20886674	B	6	20	3	30	9	22,5	1	1
20680332	J	16	53,33	5	50	21	52,5	16	1
20621695	B	18	60	7	70	25	62,5	12	6
21015814	C	19	63,33	10	100	29	72,5	8	3
20242313	C	13	43,33	7	70	20	50	17	8
20656776	J	11	36,67	6	60	17	42,5	20	4
20993727	B	15	50	9	90	24	60	13	6
20879993	B	11	36,67	8	80	19	47,5	18	7
20644714	J	14	46,67	6	60	20	50	17	2
20881692	C	15	50	8	80	23	57,5	14	8
20880490	E	13	43,33	7	70	20	50	17	6
20912596	K	6	20	6	60	12	30	25	11
20870558	A	11	36,67	6	60	17	42,5	20	12
20532946	B	13	43,33	5	50	18	45	19	11
20930662	B	12	40	9	90	21	52,5	16	4
20630918	A	18	60	6	60	24	60	13	7
20955490	A	8	26,67	5	50	13	32,5	24	11
20448965	A	8	26,67	8	80	16	40	21	14
20990527	L	4	13,33	7	70	11	27,5	26	14
20919877	L	7	23,33	6	60	13	32,5	24	12
20420010	B	9	30	5	50	14	35	23	10
21005423	A	7	23,33	2	20	9	22,5	1	1
20917394	B	9	30	7	70	16	40	21	9
20602854	A	13	43,33	8	80	21	52,5	16	10
20527538	B	15	50	9	90	24	60	13	6
20798742	B	13	43,33	10	100	23	57,5	14	1
20850860	K	7	23,33	9	90	16	40	21	9
20778802	J	6	20	5	50	11	27,5	26	13
20866590	A	13	43,33	8	80	21	52,5	16	5
20995678	C	10	33,33	9	90	19	47,5	18	7
20747088	A	12	40	7	70	19	47,5	18	9
20778076	L	8	26,67	5	50	13	32,5	24	12
20875255	K	14	46,67	6	60	20	50	17	5
20760107	C	10	33,33	6	60	16	40	21	8
20537088	J	11	36,67	4	40	15	37,5	22	6
20731465	J	11	36,67	7	70	18	45	19	3
20883468	A	12	40	7	70	19	47,5	18	10
20763844	L	14	46,67	8	80	22	55	15	3
20712233	J	10	33,33	8	80	18	45	19	3
21026648	E	9	30	8	80	17	42,5	20	13
20744719	A	16	53,33	7	70	23	57,5	14	7
21007163	C	8	26,67	9	90	17	42,5	20	7
20518967	K	7	23,33	5	50	12	30	25	8
20649347	L	11	36,67	3	30	14	35	23	7
20614472	A	12	40	7	70	19	47,5	18	12
20886283	K	13	43,33	8	80	21	52,5	16	4
20994252	K	6	20	6	60	12	30	25	13
20872376	K	11	36,67	2	20	13	32,5	24	8
20754667	A	7	23,33	6	60	13	32,5	24	11
20737322	B	15	50	10	100	25	62,5	12	3
20778218	L	11	36,67	4	40	15	37,5	22	6
20624841	C	16	53,33	3	30	19	47,5	18	9
20367378	B	13	43,33	7	70	20	50	17	6
20828084	K	12	40	7	70	19	47,5	18	3
20752411	A	22	73,33	10	100	32	80	5	1
20419510	C	17	56,67	7	70	24	60	13	4
20730403	L	13	43,33	6	60	19	47,5	18	2
20709988	A	13	43,33	8	80	21	52,5	16	7
20881991	A	8	26,67	7	70	15	37,5	22	9
20891336	J	12	40	3	30	15	37,5	22	10
20552167	C	18	60	9	90	27	67,5	10	3
20628077	A	14	46,67	6	60	20	50	17	8
20615382	A	12	40	5	50	17	42,5	20	10
20661751	A	15	50	7	70	22	55	15	8
20984511	A	10	33,33	5	50	15	37,5	22	9
20460377	B	10	33,33	5	50	15	37,5	22	11
20761997	K	5	16,67	4	40	9	22,5	1	1
20637415	C	15	50	9	90	24	60	13	5
20743623	B	12	40	10	100	22	55	15	6
20681493	B	10	33,33	10	100	20	50	17	9
20974516	J	4	13,33	4	40	8	20	2	2
20910982	C	10	33,33	7	70	17	42,5	20	8
20979427	C	14	46,67	8	80	22	55	15	2
20976644	J	8	26,67	6	60	14	35	23	11
20951855	A	10	33,33	8	80	18	45	9	5
20628901	C	11	36,67	7	70	18	45	9	4
20843993	A	6	20	8	80	14	35	13	9
20755671	D	8	26,67	7	70	15	37,5	12	6
21027986	B	10	33,33	7	70	17	42,5	10	3
20977374	B	7	23,33	5	50	12	30	15	11
21009385	A	4	13,33	5	50	9	22,5	18	10
20871714	A	12	40	8	80	20	50	7	6
20876313	C	12	40	8	80	20	50	7	2
20352167	A	9	30	9	90	18	45	9	4
20872960	C	17	56,67	8	80	25	62,5	2	1
20761390	C	10	33,33	7	70	17	42,5	10	9
20760846	C	13	43,33	6	60	19	47,5	8	7
20989378	A	9	30	7	70	16	40	11	7
21041283	C	11	36,67	6	60	17	42,5	10	9
21009648	B	15	50	8	80	23	57,5	4	1
20933365	A	14	46,67	8	80	22	55	5	2
21022344	B	10	33,33	8	80	18	45	9	4
20948293	A	15	50	5	50	20	50	7	4
20955910	C	7	23,33	5	50	12	30	15	11
20699796	B	6	20	7	70	13	32,5	14	7
20823155	A	12	40	8	80	20	50	7	4
20897970	C	15	50	8	80	23	57,5	4	3
20874170	B	15	50	8	80	23	57,5	4	3
20718683	B	14	46,67	6	60	20	50	7	4
20781288	B	8	26,67	8	80	16	40	11	7
20960550	C	14	46,67	8	80	22	55	5	2
20955361	A	9	30	7	70	16	40	11	7
20935808	A	7	23,33	6	60	13	32,5	14	10
21019287	D	11	36,67	3	30	14	35	13	12
20943431	C	11	36,67	7	70	18	45	9	5
20758902	B	7	23,33	4	40	11	27,5	16	15
20885229	B	9	30	5	50	14	35	13	12
20747350	A	11	36,67	9	90	20	50	7	6
20912563	B	9	30	7	70	16	40	11	10
20738117	B	7	23,33	6	60	13	32,5	14	7
20984496	C	6	20	9	90	15	37,5	12	8
20920397	C	11	36,67	7	70	18	45	9	5
20902917	A	14	46,67	8	80	22	55	5	4
20643477	A	9	30	6	60	15	37,5	12	9
21050876	C	8	26,67	3	30	11	27,5	16	8
20867554	B	15	50	7	70	22	55	5	4
20941508	C	8	26,67	7	70	15	37,5	12	8
21033062	B	5	16,67	7	70	12	30	15	7
20767228	B	9	30	6	60	15	37,5	12	4
21027080	C	4	13,33	9	90	13	32,5	14	6
20763799	C	13	43,33	8	80	21	52,5	6	5
20728744	B	13	43,33	8	80	21	52,5	6	2
20848121	A	12	40	7	70	19	47,5	8	7
20747749	A	12	40	8	80	20	50	7	2
20996398	B	7	23,33	7	70	14	35	13	9
20699695	B	13	43,33	7	70	20	50	7	4
21002519	C	11	36,67	7	70	18	45	9	5
20969625	A	6	20	8	80	14	35	13	5
20969513	C	12	40	9	90	21	52,5	6	3
20745278	C	10	33,33	4	40	14	35	13	10
21024608	B	7	23,33	8	80	15	37,5	12	4
21034194	B	12	40	9	90	21	52,5	6	5
20913405	C	15	50	6	60	21	52,5	6	5
21005402	B	11	36,67	5	50	16	40	11	7
20646005	A	15	50	8	80	23	57,5	4	3
20918182	A	4	13,33	6	60	10	25	17	12
20935142	A	14	46,67	8	80	22	55	5	2
20668141	C	12	40	8	80	20	50	7	6
20805744	B	11	36,67	8	80	19	47,5	8	7
20873833	A	10	33,33	6	60	16	40	11	10
20853375	B	10	33,33	9	90	19	47,5	8	7
21018868	C	15	50	5	50	20	50	7	3
20933286	A	7	23,33	6	60	13	32,5	14	10
20774552	A	18	60	7	70	25	62,5	2	2
20854186	C	8	26,67	7	70	15	37,5	12	11
20936110	A	10	33,33	4	40	14	35	13	5
20960826	C	9	30	7	70	16	40	11	7
20993822	C	8	26,67	7	70	15	37,5	12	8
20843988	D	9	30	8	80	17	42,5	10	9
20855609	A	14	46,67	6	60	20	50	7	6
20759983	C	11	36,67	8	80	19	47,5	8	7
20678183	A	10	33,33	8	80	18	45	9	6
20987122	A	9	30	8	80	17	42,5	10	6
21053189	A	4	13,33	7	70	11	27,5	16	8
21001241	B	7	23,33	7	70	14	35	13	9
21022490	B	11	36,67	7	70	18	45	9	4
20846063	B	13	43,33	6	60	19	47,5	8	7
21003863	B	9	30	7	70	16	40	11	7
20950664	C	9	30	7	70	16	40	11	7
20981536	B	8	26,67	5	50	13	32,5	14	10
20517433	A	11	36,67	7	70	18	45	9	4
20774545	A	5	16,67	8	80	13	32,5	14	13
20876707	C	13	43,33	7	70	20	50	7	6
20743222	B	13	43,33	7	70	20	50	7	6
20827834	A	15	50	7	70	22	55	5	4
20956615	A	13	43,33	10	100	23	57,5	4	1
21042591	B	11	36,67	4	40	15	37,5	12	4
21036788	A	10	33,33	5	50	15	37,5	12	4
20308781	B	18	60	7	70	25	62,5	2	1
20869608	A	10	33,33	6	60	16	40	11	8
20881321	D	5	16,67	6	60	11	27,5	16	8
20909372	B	14	46,67	8	80	22	55	5	4
20684224	B	8	26,67	7	70	15	37,5	12	4
20772953	C	6	20	6	60	12	30	15	14
21044244	B	11	36,67	4	40	15	37,5	12	4
20944953	B	14	46,67	9	90	23	57,5	4	1
20954055	A	8	26,67	5	50	13	32,5	14	10
20933332	C	13	43,33	7	70	20	50	7	4
20934385	C	8	26,67	7	70	15	37,5	12	8
20866893	C	9	30	8	80	17	42,5	10	9
20937494	C	7	23,33	8	80	15	37,5	12	8
20983695	A	8	26,67	6	60	14	35	13	12
20666781	B	7	23,33	8	80	15	37,5	12	4
20953991	A	7	23,33	6	60	13	32,5	14	10
20653610	C	16	53,33	9	90	25	62,5	2	1
20575274	A	7	23,33	3	30	10	25	17	9
20530684	B	7	23,33	5	50	12	30	15	7
20876993	A	12	40	7	70	19	47,5	8	7
20680332	C	17	56,67	7	70	24	60	3	2
20656776	B	6	20	8	80	14	35	13	10
20990527	A	11	36,67	6	60	17	42,5	10	6
20919877	B	9	30	7	70	16	40	11	7
20029527	C	8	26,67	5	50	13	32,5	14	6
20850860	C	12	40	7	70	19	47,5	8	7
20778076	A	11	36,67	7	70	18	45	9	8
20875255	B	12	40	7	70	19	47,5	8	7
20537088	C	9	30	5	50	14	35	13	10
21052969	B	9	30	8	80	17	42,5	10	3
20763844	A	12	40	7	70	19	47,5	8	7
20712233	A	16	53,33	7	70	23	57,5	4	3
20649347	B	11	36,67	7	70	18	45	9	6
20886283	B	19	63,33	9	90	28	70	1	1
20994252	C	5	16,67	7	70	12	30	15	11
21031579	A	4	13,33	5	50	9	22,5	18	10
20872376	C	10	33,33	7	70	17	42,5	10	7
20778218	A	8	26,67	7	70	15	37,5	12	11
20828084	C	11	36,67	6	60	17	42,5	10	5
20730403	C	12	40	7	70	19	47,5	8	5
20891336	A	12	40	6	60	18	45	9	8
20974516	C	8	26,67	4	40	12	30	15	11
20759621	B	16	53,33	6	60	22	55	5	1
20499872	C	8	26,67	5	50	13	32,5	14	2
20885720	A	9	30	2	20	11	27,5	18	10
20553615	A	10	33,33	6	60	16	40	13	3
20694781	B	11	36,67	4	40	15	37,5	14	10
21040830	A	2	6,67	3	30	5	12,5	24	8
20743005	B	6	20	5	50	11	27,5	18	10
20699549	C	10	33,33	3	30	13	32,5	16	5
20657496	B	18	60	8	80	26	65	3	2
20593506	C	13	43,33	5	50	18	45	11	5
20675463	B	9	30	4	40	13	32,5	16	13
20710838	C	11	36,67	8	80	19	47,5	10	4
20944001	B	9	30	5	50	14	35	15	9
20752971	A	12	40	5	50	17	42,5	12	8
21013268	B	11	36,67	6	60	17	42,5	12	6
20744029	B	12	40	6	60	18	45	11	7
20826888	C	6	20	8	80	14	35	15	7
21038199	B	9	30	5	50	14	35	15	4
20950889	A	7	23,33	6	60	13	32,5	16	8
20726379	C	12	40	5	50	17	42,5	12	8
20912838	B	12	40	7	70	19	47,5	10	2
20730276	B	17	56,67	6	60	23	57,5	6	3
20683246	A	10	33,33	2	20	12	30	17	9
20648159	A	12	40	6	60	18	45	11	8
20720524	C	4	13,33	7	70	11	27,5	18	14
20905364	B	14	46,67	7	70	21	52,5	8	2
20938989	C	11	36,67	6	60	17	42,5	12	5
21007438	C	12	40	6	60	18	45	11	4
21048231	A	9	30	5	50	14	35	15	12
20553630	B	12	40	4	40	16	40	13	10
20906283	B	12	40	6	60	18	45	11	5
20766352	A	10	33,33	7	70	17	42,5	12	6
20856037	A	9	30	6	60	15	37,5	14	8
21044404	A	5	16,67	6	60	11	27,5	18	6
20675223	C	10	33,33	4	40	14	35	15	12
20714785	C	7	23,33	4	40	11	27,5	18	15
21049259	B	10	33,33	7	70	17	42,5	12	2
21029867	B	8	26,67	5	50	13	32,5	16	5
20986603	A	11	36,67	5	50	16	40	13	7
20868392	B	10	33,33	7	70	17	42,5	12	4
21010821	B	11	36,67	5	50	16	40	13	6
20679850	C	9	30	7	70	16	40	13	7
21000468	A	8	26,67	6	60	14	35	15	9
20965381	C	14	46,67	6	60	20	50	9	2
20891341	A	12	40	7	70	19	47,5	10	2
20947993	B	11	36,67	5	50	16	40	13	6
20749930	B	13	43,33	6	60	19	47,5	10	7
20717068	A	13	43,33	4	40	17	42,5	12	9
20987488	C	9	30	3	30	12	30	17	11
20072426	C	10	33,33	6	60	16	40	13	5
20667684	A	11	36,67	3	30	14	35	15	11
20776878	C	9	30	3	30	12	30	17	9
20617664	C	12	40	4	40	16	40	13	5
21034035	A	10	33,33	5	50	15	37,5	14	3
20994740	A	9	30	4	40	13	32,5	16	5
20417059	A	15	50	7	70	22	55	7	4
21014228	B	11	36,67	3	30	14	35	15	9
20564624	C	4	13,33	5	50	9	22,5	20	17
21046700	A	9	30	8	80	17	42,5	12	2
20252534	A	6	20	4	40	10	25	19	13
20550774	A	11	36,67	5	50	16	40	13	9
21021724	B	10	33,33	6	60	16	40	13	6
20651390	B	7	23,33	4	40	11	27,5	18	7
21022944	B	15	50	6	60	21	52,5	8	3
20731964	C	7	23,33	4	40	11	27,5	18	15
21004277	C	12	40	6	60	18	45	11	5
20532195	C	8	26,67	6	60	14	35	15	9
20779660	B	17	56,67	3	30	20	50	9	1
20677729	B	11	36,67	4	40	15	37,5	14	11
20910414	A	10	33,33	7	70	17	42,5	12	6
21048425	A	3	10	3	30	6	15	23	13
20767223	C	14	46,67	6	60	20	50	9	3
20926206	A	14	46,67	8	80	22	55	7	1
21039727	A	9	30	5	50	14	35	15	4
20986244	A	14	46,67	4	40	18	45	11	5
21021373	A	13	43,33	6	60	19	47,5	10	3
20545413	C	14	46,67	6	60	20	50	9	6
20612640	B	10	33,33	4	40	14	35	15	7
21010742	B	12	40	6	60	18	45	11	4
20984415	C	7	23,33	7	70	14	35	15	7
20662992	C	11	36,67	2	20	13	32,5	16	12
20682104	A	12	40	6	60	18	45	11	7
20887408	C	10	33,33	3	30	13	32,5	16	8
20951323	C	11	36,67	5	50	16	40	13	7
20965981	A	10	33,33	6	60	16	40	13	7
21012571	B	10	33,33	6	60	16	40	13	7
20898284	B	10	33,33	5	50	15	37,5	14	8
21039823	C	10	33,33	8	80	18	45	11	1
20465571	C	8	26,67	4	40	12	30	17	6
20940095	C	7	23,33	3	30	10	25	19	13
20710353	C	14	46,67	4	40	18	45	11	7
21040113	A	10	33,33	3	30	13	32,5	16	5
20960071	C	8	26,67	6	60	14	35	15	7
21022775	A	8	26,67	4	40	12	30	17	11
20292934	A	7	23,33	6	60	13	32,5	16	5
20846635	A	12	40	5	50	17	42,5	12	4
20862272	C	9	30	5	50	14	35	15	7
21014892	B	5	16,67	3	30	8	20	21	15
20661123	B	7	23,33	4	40	11	27,5	18	10
20644984	B	9	30	2	20	11	27,5	18	12
21023224	A	12	40	3	30	15	37,5	14	8
20934388	A	13	43,33	6	60	19	47,5	10	4
20999574	A	7	23,33	6	60	13	32,5	16	10
20891101	C	8	26,67	4	40	12	30	17	11
20774371	C	11	36,67	5	50	16	40	13	6
20685477	A	10	33,33	7	70	17	42,5	12	2
20964741	C	7	23,33	5	50	12	30	17	11
20804786	A	10	33,33	8	80	18	45	11	5
20745989	B	10	33,33	6	60	16	40	13	5
20761959	B	13	43,33	4	40	17	42,5	12	4
20911135	A	9	30	2	20	11	27,5	18	10
20791169	B	8	26,67	6	60	14	35	15	7
20444998	A	11	36,67	8	80	19	47,5	10	3
20522644	A	13	43,33	4	40	17	42,5	12	9
20526158	A	6	20	4	40	10	25	19	11
20642054	B	8	26,67	4	40	12	30	17	14
20990138	C	8	26,67	6	60	14	35	15	7
20761310	C	12	40	4	40	16	40	13	5
20639422	B	9	30	3	30	12	30	17	13
20852566	B	10	33,33	5	50	15	37,5	14	8
20996451	C	13	43,33	6	60	19	47,5	10	4
20971753	B	9	30	4	40	13	32,5	16	8
21052101	A	12	40	5	50	17	42,5	12	4
20787294	C	12	40	5	50	17	42,5	12	4
21039802	B	5	16,67	4	40	9	22,5	20	7
20680814	B	4	13,33	7	70	11	27,5	18	15
20704265	E	11	36,67	7	70	18	45	11	4
20885877	A	8	26,67	7	70	15	37,5	14	6
20987301	C	8	26,67	3	30	11	27,5	18	2
20986019	B	12	40	6	60	18	45	11	5
20771354	C	14	46,67	6	60	20	50	9	1
20903774	B	13	43,33	5	50	18	45	11	5
20951134	A	12	40	5	50	17	42,5	12	6
21042392	A	5	16,67	5	50	10	25	19	15
20993451	B	11	36,67	7	70	18	45	11	7
20700650	B	13	43,33	6	60	19	47,5	10	2
20743761	B	9	30	8	80	17	42,5	12	6
20652260	A	14	46,67	5	50	19	47,5	10	7
20652060	C	10	33,33	5	50	15	37,5	14	11
20668412	B	12	40	5	50	17	42,5	12	6
21048156	A	8	26,67	6	60	14	35	15	4
20885672	A	7	23,33	9	90	16	40	13	7
20876142	C	8	26,67	6	60	14	35	15	9
20696992	B	10	33,33	5	50	15	37,5	14	10
20892200	A	11	36,67	6	60	17	42,5	12	5
21052628	C	4	13,33	2	20	6	15	23	10
20942035	C	7	23,33	4	40	11	27,5	18	12
20751761	C	12	40	8	80	20	50	9	3
20755767	A	16	53,33	7	70	23	57,5	6	1
20655654	A	3	10	5	50	8	20	21	16
20665197	C	11	36,67	6	60	17	42,5	12	8
21012530	A	5	16,67	6	60	11	27,5	18	10
21018259	A	9	30	8	80	17	42,5	12	6
20984676	B	12	40	4	40	16	40	13	6
20537169	A	11	36,67	7	70	18	45	11	4
20514382	B	11	36,67	6	60	17	42,5	12	6
20866055	B	10	33,33	9	90	19	47,5	10	3
21004753	C	9	30	4	40	13	32,5	16	8
20912763	B	16	53,33	8	80	24	60	5	3
21048581	B	11	36,67	6	60	17	42,5	12	4
20987885	C	6	20	3	30	9	22,5	20	14
20902720	B	19	63,33	9	90	28	70	1	1
20871626	B	12	40	6	60	18	45	11	5
20963613	C	7	23,33	5	50	12	30	17	9
21010832	C	13	43,33	6	60	19	47,5	10	4
20717393	A	9	30	7	70	16	40	13	5
21051541	B	11	36,67	4	40	15	37,5	14	1
20906228	B	12	40	6	60	18	45	11	3
20758760	B	15	50	5	50	20	50	9	1
20978253	B	16	53,33	4	40	20	50	9	2
20951129	A	10	33,33	7	70	17	42,5	12	6
21044230	A	6	20	8	80	14	35	15	4
21049331	E	14	46,67	7	70	21	52,5	8	5
20653995	B	13	43,33	5	50	18	45	11	8
20568035	C	18	60	7	70	25	62,5	4	1
20980951	C	12	40	7	70	19	47,5	10	4
20723369	A	17	56,67	7	70	24	60	5	2
21048487	E	16	53,33	8	80	24	60	5	1
20667541	B	14	46,67	5	50	19	47,5	10	6
20684091	A	9	30	4	40	13	32,5	16	13
20756218	C	10	33,33	3	30	13	32,5	16	10
20886674	C	8	26,67	2	20	10	25	19	8
21015814	A	13	43,33	4	40	17	42,5	12	4
20993727	B	11	36,67	5	50	16	40	13	6
20644714	C	17	56,67	5	50	22	55	7	4
20880490	C	13	43,33	5	50	18	45	11	5
20870558	C	13	43,33	6	60	19	47,5	10	2
20930662	C	8	26,67	5	50	13	32,5	16	10
20955490	C	12	40	3	30	15	37,5	14	8
20309883	B	10	33,33	7	70	17	42,5	12	2
21051610	A	2	6,67	6	60	8	20	21	9
21005423	A	9	30	2	20	11	27,5	18	10
20917394	C	10	33,33	5	50	15	37,5	14	6
20527538	B	12	40	7	70	19	47,5	10	7
20798742	B	15	50	7	70	22	55	7	2
20778802	C	12	40	4	40	16	40	13	7
20866590	B	11	36,67	6	60	17	42,5	12	6
20995678	A	11	36,67	8	80	19	47,5	10	4
20747088	C	12	40	9	90	21	52,5	8	5
20760107	B	8	26,67	5	50	13	32,5	16	10
20731465	C	14	46,67	6	60	20	50	9	6
20883468	A	12	40	8	80	20	50	9	1
21026648	A	11	36,67	3	30	14	35	15	7
20744719	A	10	33,33	6	60	16	40	13	10
21007163	A	8	26,67	4	40	12	30	17	11
20754667	A	9	30	6	60	15	37,5	14	3
20709988	A	12	40	3	30	15	37,5	14	10
21047629	B	20	66,67	7	70	27	67,5	2	1
20661751	C	9	30	5	50	14	35	15	12
20743623	B	13	43,33	8	80	21	52,5	8	5
20681493	B	9	30	1	10	10	25	19	16
20910982	B	6	20	6	60	12	30	17	9
20979427	A	6	20	5	50	11	27,5	18	12
21032798	C	12	40	5	50	17	42,5	12	1
20944972	C	9	30	7	70	16	40	13	2
20378782	E	6	20	5	50	11	27,5	18	3
21981627	A	6	20	4	40	10	25	19	4
21022639	C	4	13,33	3	30	7	17,5	22	5
